opt(  1).name= 'G1      ' ;
opt(  1).magv=   1.0000000     ;
opt(  1).phav=   0.0000000     ;
opt(  1).injp=   721.03314     ;
opt(  1).injq=   285.97360     ;

opt(  2).name= 'G2      ' ;
opt(  2).magv=   1.0000000     ;
opt(  2).phav= -0.76877253E-01 ;
opt(  2).injp=   21.026915     ;
opt(  2).injq=   72.731438     ;

opt(  3).name= 'G3      ' ;
opt(  3).magv=  0.99000001     ;
opt(  3).phav= -0.11261196E-01 ;
opt(  3).injp=   399.31284     ;
opt(  3).injq=   71.320976     ;

opt(  4).name= 'G4      ' ;
opt(  4).magv=  0.99000001     ;
opt(  4).phav= -0.74309554E-01 ;
opt(  4).injp=   250.00000     ;
opt(  4).injq=   108.46604     ;

opt(  5).name= 'G5      ' ;
opt(  5).magv=  0.99000001     ;
opt(  5).phav= -0.30720134E-01 ;
opt(  5).injp=   375.00000     ;
opt(  5).injq=   97.940750     ;

opt(  6).name= 'G6      ' ;
opt(  6).magv=   1.0100000     ;
opt(  6).phav=  0.12011721     ;
opt(  6).injp=   800.00000     ;
opt(  6).injq=   168.57936     ;

opt(  7).name= 'B101    ' ;
opt(  7).magv=   1.0333628     ;
opt(  7).phav= -0.11867140     ;
opt(  7).injp=  -360.00000     ;
opt(  7).injq=  -155.00000     ;

opt(  8).name= 'B102    ' ;
opt(  8).magv=   1.0021045     ;
opt(  8).phav= -0.17891993     ;
opt(  8).injp=  -360.00000     ;
opt(  8).injq=  -160.00000     ;

opt(  9).name= 'B103    ' ;
opt(  9).magv=  0.99965908     ;
opt(  9).phav= -0.17216208     ;
opt(  9).injp=  -330.00000     ;
opt(  9).injq=  -150.00000     ;

opt( 10).name= 'B104    ' ;
opt( 10).magv=   1.0101239     ;
opt( 10).phav= -0.14660601     ;
opt( 10).injp=  -320.00000     ;
opt( 10).injq=  -145.00000     ;

opt( 11).name= 'B105    ' ;
opt( 11).magv=   1.0254016     ;
opt( 11).phav= -0.13219067     ;
opt( 11).injp=  -360.00000     ;
opt( 11).injq=  -170.00000     ;

opt( 12).name= 'B106    ' ;
opt( 12).magv=   1.0091285     ;
opt( 12).phav= -0.16162793     ;
opt( 12).injp=  -340.00000     ;
opt( 12).injq=  -125.00000     ;

opt( 13).name= 'B107    ' ;
opt( 13).magv=   1.0504306     ;
opt( 13).phav= -0.22977072     ;
opt( 13).injp=  -340.00000     ;
opt( 13).injq=  -130.00000     ;

opt( 14).name= 'B301    ' ;
opt( 14).magv=   1.0009515     ;
opt( 14).phav= -0.78878540E-01 ;
opt( 14).injp=   0.0000000     ;
opt( 14).injq=   0.0000000     ;

opt( 15).name= 'B302    ' ;
opt( 15).magv=  0.99895605     ;
opt( 15).phav= -0.83674757E-01 ;
opt( 15).injp=   0.0000000     ;
opt( 15).injq=   0.0000000     ;

opt( 16).name= 'B303    ' ;
opt( 16).magv=  0.99067080     ;
opt( 16).phav= -0.89934456E-01 ;
opt( 16).injp=   0.0000000     ;
opt( 16).injq=   0.0000000     ;

opt( 17).name= 'B304    ' ;
opt( 17).magv=  0.99682046     ;
opt( 17).phav= -0.85219124E-01 ;
opt( 17).injp=   0.0000000     ;
opt( 17).injq=   0.0000000     ;

opt( 18).name= 'B305    ' ;
opt( 18).magv=  0.99251291     ;
opt( 18).phav= -0.92656273E-01 ;
opt( 18).injp=   0.0000000     ;
opt( 18).injq=   0.0000000     ;

opt( 19).name= 'B306    ' ;
opt( 19).magv=   1.0047315     ;
opt( 19).phav= -0.73127525E-01 ;
opt( 19).injp=   0.0000000     ;
opt( 19).injq=   0.0000000     ;

opt( 20).name= 'B307    ' ;
opt( 20).magv=  0.99614453     ;
opt( 20).phav= -0.80702158E-01 ;
opt( 20).injp=   0.0000000     ;
opt( 20).injq=   0.0000000     ;

opt( 21).name= 'B308    ' ;
opt( 21).magv=   1.0127735     ;
opt( 21).phav= -0.49569258E-01 ;
opt( 21).injp=  -230.00000     ;
opt( 21).injq=  -70.000000     ;

opt( 22).name= 'B309    ' ;
opt( 22).magv=   1.0124250     ;
opt( 22).phav= -0.49001326E-01 ;
opt( 22).injp=  -220.00000     ;
opt( 22).injq=  -75.000000     ;

opt( 23).name= 'B310    ' ;
opt( 23).magv=   1.0377134     ;
opt( 23).phav=  0.21526914E-01 ;
opt( 23).injp=   0.0000000     ;
opt( 23).injq=   0.0000000     ;

opt( 24).name= 'B311    ' ;
opt( 24).magv=   1.0492944     ;
opt( 24).phav=  0.32598998E-01 ;
opt( 24).injp=  -100.00000     ;
opt( 24).injq=  -30.000002     ;

opt( 25).name= 'B313    ' ;
opt( 25).magv=   1.0177262     ;
opt( 25).phav= -0.59219170E-01 ;
opt( 25).injp=  -300.00000     ;
opt( 25).injq=  -70.000000     ;

opt( 26).name= 'E1      ' ;
opt( 26).magv=   1.0700001     ;
opt( 26).phav=  0.61483001E-01 ;
opt( 26).injp=   306.22668     ;
opt( 26).injq=   88.345573     ;

opt( 27).name= 'E2      ' ;
opt( 27).magv=   1.0700001     ;
opt( 27).phav=  0.34665650E-01 ;
opt( 27).injp=   414.12668     ;
opt( 27).injq=   170.79192     ;

opt( 28).name= 'E3      ' ;
opt( 28).magv=   1.0700001     ;
opt( 28).phav=  0.48065335E-01 ;
opt( 28).injp=   0.0000000     ;
opt( 28).injq=  -73.735008     ;


global Y0
Y0=zeros( 28) ;

% Contributions of branches to Y
Y0(  8,  9)=Y0(  8,  9)+  -7.6359196     +   87.049492     *j ;
Y0(  9,  8)=Y0(  9,  8)+  -7.6359196     +   87.049492     *j ;
Y0(  8,  8)=Y0(  8,  8)+   7.6359196     +  -87.047493     *j ;
Y0(  9,  9)=Y0(  9,  9)+   7.6359196     +  -87.047493     *j ;
Y0(  8,  7)=Y0(  8,  7)+  -3.9699988     +   14.756979     *j ;
Y0(  7,  8)=Y0(  7,  8)+  -3.9699988     +   14.756979     *j ;
Y0(  8,  8)=Y0(  8,  8)+   3.9699988     +  -14.745479     *j ;
Y0(  7,  7)=Y0(  7,  7)+   3.9699988     +  -14.745479     *j ;
Y0( 12,  9)=Y0( 12,  9)+  -8.3906641     +   38.154797     *j ;
Y0(  9, 12)=Y0(  9, 12)+  -8.3906641     +   38.154797     *j ;
Y0( 12, 12)=Y0( 12, 12)+   8.3906641     +  -38.150795     *j ;
Y0(  9,  9)=Y0(  9,  9)+   8.3906641     +  -38.150795     *j ;
Y0( 12, 11)=Y0( 12, 11)+  -4.1819124     +   22.477783     *j ;
Y0( 11, 12)=Y0( 11, 12)+  -4.1819124     +   22.477783     *j ;
Y0( 12, 12)=Y0( 12, 12)+   4.1819124     +  -22.470783     *j ;
Y0( 11, 11)=Y0( 11, 11)+   4.1819124     +  -22.470783     *j ;
Y0( 10, 11)=Y0( 10, 11)+  -6.6067090     +   31.967947     *j ;
Y0( 11, 10)=Y0( 11, 10)+  -6.6067090     +   31.967947     *j ;
Y0( 10, 10)=Y0( 10, 10)+   6.6067090     +  -31.962948     *j ;
Y0( 11, 11)=Y0( 11, 11)+   6.6067090     +  -31.962948     *j ;
Y0( 10,  9)=Y0( 10,  9)+  -6.6067090     +   31.967947     *j ;
Y0(  9, 10)=Y0(  9, 10)+  -6.6067090     +   31.967947     *j ;
Y0( 10, 10)=Y0( 10, 10)+   6.6067090     +  -31.962948     *j ;
Y0(  9,  9)=Y0(  9,  9)+   6.6067090     +  -31.962948     *j ;
Y0( 24, 23)=Y0( 24, 23)+  -11.179801     +   118.42163     *j ;
Y0( 23, 24)=Y0( 23, 24)+  -11.179801     +   118.42163     *j ;
Y0( 24, 24)=Y0( 24, 24)+   11.179801     +  -118.32303     *j ;
Y0( 23, 23)=Y0( 23, 23)+   11.179801     +  -118.32303     *j ;
Y0( 19, 21)=Y0( 19, 21)+  -9.9009905     +   99.009903     *j ;
Y0( 21, 19)=Y0( 21, 19)+  -9.9009905     +   99.009903     *j ;
Y0( 19, 19)=Y0( 19, 19)+   9.9009905     +  -98.887901     *j ;
Y0( 21, 21)=Y0( 21, 21)+   9.9009905     +  -98.887901     *j ;
Y0( 19, 22)=Y0( 19, 22)+  -9.4080067     +   99.612564     *j ;
Y0( 22, 19)=Y0( 22, 19)+  -9.4080067     +   99.612564     *j ;
Y0( 19, 19)=Y0( 19, 19)+   9.4080067     +  -99.490463     *j ;
Y0( 22, 22)=Y0( 22, 22)+   9.4080067     +  -99.490463     *j ;
Y0( 19, 17)=Y0( 19, 17)+  -16.524023     +   139.27585     *j ;
Y0( 17, 19)=Y0( 17, 19)+  -16.524023     +   139.27585     *j ;
Y0( 19, 19)=Y0( 19, 19)+   16.524023     +  -139.18945     *j ;
Y0( 17, 17)=Y0( 17, 17)+   16.524023     +  -139.18945     *j ;
Y0( 19, 20)=Y0( 19, 20)+  -16.524023     +   139.27585     *j ;
Y0( 20, 19)=Y0( 20, 19)+  -16.524023     +   139.27585     *j ;
Y0( 19, 19)=Y0( 19, 19)+   16.524023     +  -139.18945     *j ;
Y0( 20, 20)=Y0( 20, 20)+   16.524023     +  -139.18945     *j ;
Y0( 21, 23)=Y0( 21, 23)+  -5.8083243     +   61.955467     *j ;
Y0( 23, 21)=Y0( 23, 21)+  -5.8083243     +   61.955467     *j ;
Y0( 21, 21)=Y0( 21, 21)+   5.8083243     +  -61.755474     *j ;
Y0( 23, 23)=Y0( 23, 23)+   5.8083243     +  -61.755474     *j ;
Y0( 22, 23)=Y0( 22, 23)+  -5.8083243     +   61.955467     *j ;
Y0( 23, 22)=Y0( 23, 22)+  -5.8083243     +   61.955467     *j ;
Y0( 22, 22)=Y0( 22, 22)+   5.8083243     +  -61.755474     *j ;
Y0( 23, 23)=Y0( 23, 23)+   5.8083243     +  -61.755474     *j ;
Y0( 14, 17)=Y0( 14, 17)+  -24.291470     +   212.74883     *j ;
